735542
199578
214158
51145
694425
122834
803541
482199
380693
427223
544708
612935
537306
905727
164304
127362
827024
945601
998313
120714
935596
165055
349839
922481
903971
272241
294579
816955
369984
624816
349385
881575
180159
496819
528977
202032
973107
157180
447994
980312
208325
670329
425890
725729
701913
318774
142682
127411
14706
325436
673012
705767
779473
8920
909560
494091
892317
291645
731774
693818
959712
217150
622262
986234
745474
195008
517546
993630
721708
250950
568767
693971
965430
190433
150145
550642
827974
752662
543970
712969
732298
331425
749078
183115
120201
243005
180356
734734
115831
304767
248999
162287
372780
216381
969238
621104
780503
944730
916781
891202
406713
693583
736135
873125
160334
706317
32465
663524
817129
56978
889950
752783
786695
407229
348729
378948
347457
271742
610672
12658
622994
691668
707779
220355
453328
821164
944994
499120
929702
445886
230436
898818
155218
403677
877823
6669
227530
733888
895803
866583
5748
618944
423675
602206
734026
236956
192261
669116
354127
137518
242616
975611
890962
506035
347950
311054
210972
952475
664270
395583
520879
122797
607628
905364
882306
848685
993613
475082
969126
73661
436785
331016
254773
971735
889775
514963
240462
65269
132483
953987
942624
232555
216837
216222
161613
220082
868327
881474
707874
557324
281308
471146
635903
380763
510879
972814
53730
250066
979475
808444
602170
93668
462093
288078
36580
327030
80769
706422
628369
285831
75599
274938
861139
216744
256853
68137
260824
573043
273199
692
714952
293650
260854
290407
596379
216044
747977
311425
141456
805894
337099
925453
935250
313048
509849
240910
291119
739894
957895
154884
836660
353842
477589
794501
475524
799197
107524
678467
239607
235116
129891
753156
871957
100278
938044
92489
753678
655830
608616
571702
879720
739350
819241
833072
220031
660429
552006
518357
103778
953748
694889
313853
483977
308071
197187
956498
635055
758920
595436
657891
45822
50251
166144
655714
531578
962049
380028
902661
42342
169708
167817
315730
255977
556116
454102
72913
626705
669804
264480
32324
257123
847610
899034
444808
752649
880551
867459
372185
413221
78575
293250
931071
342728
321276
619605
621018
403909
387368
818590
515206
226639
94772
537986
11737
634280
505405
794522
915065
549681
785330
132171
686315
481919
188820
227174
979794
746038
770840
219046
995135
114104
153890
894651
789963
241746
955147
561210
273890
350063
465828
35050
665874
605901
467708
314273
971252
216162
719579
475155
261283
384074
423215
797
318794
964028
735223
916290
135589
552349
205556
38497
79476
91770
296993
664606
122223
267942
534820
673007
742945
770605
96795
862377
136691
258833
762292
248194
606683
228615
581760
387482
225150
763329
887456
188830
676874
615198
344845
542123
465106
232025
531581
195436
398948
332059
95746
255981
827198
393750
685257
486485
570117
501208
7632
305371
560683
858686
506479
135951
929652
235008
892245
726319
784710
123610
651933
147267
168567
377950
815503
164085
36052
228412
450968
922254
988993
281366
655738
636079
846762
481411
67999
54107
547421
556343
533546
330256
885739
580468
305903
763932
693711
822965
162371
969596
998374
141544
767180
215935
208781
332553
303152
399372
138938
553801
744090
663618
470137
484007
495266
818571
762867
776898
545849
270263
948736
500528
474982
402713
336172
579346
191678
303617
654813
446645
149063
427115
383910
980124
840745
742208
666719
480489
154643
569354
124899
652859
319152
896096
592062
433321
574278
23906
419655
296480
522625
181176
19183
176027
916866
919008
441689
146442
433096
925465
457923
60183
227045
857615
538198
427264
512543
900201
871792
339396
330210
357660
526625
558868
309568
915696
107094
576868
130701
855263
306112
811331
392064
432586
699571
796195
402846
119322
755204
94737
124261
944477
859280
447838
415559
656939
747149
832143
587112
516366
697447
985121
993337
787118
712415
679427
426338
51544
715946
265160
201836
771521
652736
32530
890430
931333
667
557842
664784
826492
87072
326098
163415
814945
38109
238077
878346
857849
699259
851380
319040
131898
842365
800637
570661
980758
281354
404619
28103
614156
590353
624236
543983
263875
60672
447656
191139
139464
361680
990758
943413
94355
262826
689270
548005
838262
276603
488615
436510
383563
564641
252092
28351
708437
683988
154128
812117
498481
502294
854604
907509
49722
314220
82898
516407
571321
312661
644514
270594
727744
312599
98994
706405
493521
985078
298785
355292
117416
299814
857001
753175
291120
145381
457151
305621
490677
726048
20400
971627
891766
898413
852833
34554
583886
400663
862036
516581
121480
436940
662737
47474
376387
875020
132634
254158
586988
462286
167545
98283
789762
89958
350391
70892
486980
473623
559790
852572
642398
69255
34785
835001
334834
120015
95809
352309
863646
891546
641796
840758
676305
70083
179707
567410
566437
404804
907407
976450
595803
415126
291807
567706
743431
157609
935965
720629
163205
610364
128074
963779
747920
992250
295694
293039
734666
780212
998367
559021
578048
488582
797724
883879
394880
742400
411790
969482
574489
84735
366493
795761
231852
39865
803116
156444
61878
110248
829056
969858
574339
23457
237002
529978
830277
513360
839630
381283
1674
764941
826342
609243
454879
945973
673206
172849
46592
958547
287473
148378
722032
148773
717842
769080
79307
485010
949739
425845
850932
582093
43139
987817
33956
903507
847051
685155
272425
2401
482035
877313
516370
963094
652481
20335
392675
941227
714980
280089
522041
789076
767774
408596
171882
492533
933600
29994
257428
772771
593787
247122
242042
379923
515084
978620
13131
12437
438267
390658
875161
984205
899988
555714
602784
436590
237817
585158
644743
555325
318932
893246
623297
43697
693989
688601
258209
48925
213588
872540
178263
696625
977631
735798
622007
812199
470339
442075
669455
587683
910970
265561
812409
141089
303743
866977
152893
635522
922991
966656
339896
876015
344523
317672
698846
11799
35055
871576
213632
476456
476475
741372
230683
74364
965580
527323
847435
467225
97030
860077
598448
886262
770441
632681
500444
971124
97238
707107
599023
888502
999504
800258
302378
356492
520295
693428
509907
876590
747242
204921
273022
240383
95070
809764
880249
613349
786794
504319
150784
383994
646519
743953
903931
289232
501364
922536
953380
997100
803726
719879
14445
663337
380454
544676
545374
159600
863801
280278
471726
202764
458861
229664
658126
13068
953470
643246
251958
563049
222310
559724
530429
402513
733732
507610
12144
731755
333099
973242
196909
372847
333519
206832
45108
500267
720678
768246
388305
269805
872221
415727
688537
714772
876312
215912
453152
256582
919643
758431
295379
569178
435622
797886
400603
1189
719021
540687
43941
640107
516811
592603
473295
777220
583277
787899
704973
164239
371229
177534
613673
922118
566896
478517
987354
607148
163046
678074
124796
913241
732034
665123
618639
60840
659030
477772
316477
247957
513511
869622
976477
507299
658902
929001
139314
860981
967318
257016
987394
320319
35711
342507
345733
375817
833517
17466
475390
430183
492910
671900
361586
55905
439896
372779
814172
857426
385997
180299
858803
925423
538242
418544
236652
408287
404821
882050
384187
6250
360706
844354
483496
692508
219346
380336
595206
850274
510121
599677
393115
746310
847393
156713
25118
131153
320376
79835
375748
15684
401979
867642
822034
342681
236438
840273
609687
783486
765645
865318
278976
407300
202675
240368
450614
428547
984292
348448
350233
576414
327227
905820
851589
738146
309508
243563
30275
268841
731235
816751
914086
40762
459417
358479
763656
70710
834453
875855
929149
18135
871033
552236
116373
233215
732663
841313
838549
407045
66046
243872
671485
164655
918861
385102
959073
723348
424836
658011
843435
629706
489198
479414
61503
27380
325948
285245
169642
567471
48970
414
174988
731870
495675
461291
381767
294235
282183
287727
191395
211050
449831
666561
369339
83193
416379
130655
587307
364039
854410
336733
705909
673254
609315
604427
545217
211544
864756
957378
46599
141834
104795
985718
215192
752025
525482
619410
151737
516339
241652
771019
421622
137701
321529
427155
950551
275508
155038
98501
827441
935334
161842
851177
710572
181889
874312
426874
915112
205719
933953
378414
790613
639704
997208
661722
474660
563119
662902
519641
862116
660158
68509
104150
247490
308938
224738
753481
532370
634436
745469
772820
157000
102061
993044
242378
669599
681672
713477
568736
96377
428461
999903
646035
200989
276651
120965
838306
240437
739289
411297
514556
327340
138176
709837
98889
400784
779452
949040
581303
17744
561021
603245
784774
798127
361277
479340
668778
841106
864473
79054
572870
145152
123785
962609
728392
529718
978127
786051
2121
173434
943091
432153
59714
65290
245838
899685
978344
712804
593181
636783
746317
554487
384983
200303
611141
301271
282264
325470
284064
368180
685602
85037
897719
266049
401277
249285
48049
169100
954454
101859
730618
538326
873664
493154
559615
33645
212610
170732
781991
239945
345280
419225
494770
375357
946404
667243
952458
6576
302389
255330
116219
310305
963356
363151
650180
156523
457879
885495
60617
190994
3858
715999
710604
977471
823485
985043
389222
395856
903311
607372
951994
208709
194830
810295
159865
998576
999868
968970
558212
663310
849796
748211
331877
964962
124227
458221
91599
27673
703543
877266
263535
836468
697360
727313
266080
942667
693796
362834
273237
898129
440868
272797
198216
400326
980132
583325
80907
389382
977073
980336
433420
624152
757775
82248
914698
583318
684470
66684
273545
393631
632636
883438
661531
120138
46115
151612
56610
816537
487849
356498
839309
132259
111714
596279
3363
697735
108896
441079
8576
97959
177801
436950
85455
172792
697931
134099
604533
222393
588141
371674
877555
570936
838390
385254
482263
994345
297857
540227
568346
1603
48570
828900
560213
413361
738422
714159
956674
789603
742425
768212
775480
481478
682034
731479
719437
854358
715953
403755
578678
924755
543065
722112
593283
496080
68780
268502
394877
705439
503177
828357
831533
763367
845972
448751
736189
59958
366690
782814
723163
719433
872091
431223
70224
548985
963104
381507
609888
614196
190478
153521
960105
635829
378438
696037
995983
176067
731470
806111
56607
752580
95861
327426
300736
185890
140176
440062
43123
132556
936664
172273
198767
129557
741185
153117
743751
163797
581662
875776
664986
495704
976547
33678
248579
937117
292715
551353
526549
846047
788872
563780
362844
232902
33319
981142
959419
828295
462173
590003
891501
853168
938533
625043
915464
738483
542891
334318
730420
391086
721103
436484
696271
293080
769555
730464
269049
243673
158689
555755
216548
458185
666601
902889
42547
342071
172908
695083
519542
810433
938004
975697
953941
354134
95678
156709
556866
210748
80140
724599
75709
46908
574698
137020
226662
384739
804717
387439
601649
469660
213577
13217
210542
383992
130877
245542
137809
440054
532473
510575
334895
883983
299826
228714
839333
736626
289353
468702
514049
416829
904911
647347
515650
372205
38462
290801
852536
509109
676819
122779
144150
15140
371989
279263
947674
301155
997340
374550
374806
335166
698508
804345
548353
596908
78448
249773
283740
502146
406332
790775
84751
783171
948993
928796
421450
947149
390534
526760
129942
192649
539778
372427
90544
726093
225545
191111
768183
385210
177682
821265
851617
882592
385708
295056
732044
187725
808323
200535
932487
313942
477936
859314
898100
798733
670260
87887
748784
579487
428879
626127
981939
110255
605939
334345
836910
25882
700043
52997
926569
655416
832036
661467
991921
544064
782715
840591
256761
706160
435253
143949
417258
673999
173757
963505
352939
87344
382698
460260
268944
830777
446484
757495
716290
829071
512197
37017
881219
907820
740515
905908
174184
904596
159029
803781
193300
631624
373988
908094
501306
95007
47321
212699
27121
661365
986460
752991
237423
951898
218125
95321
72121
284884
835465
674836
373855
472968
751673
311761
79813
169024
567634
796552
698404
388671
366370
693027
838430
651991
257819
565761
806320
94084
962861
318974
851313
825484
895040
997972
415310
5717
346687
652090
482971
348308
405021
423373
487805
29085
77772
800338
29947
399743
974699
465936
957320
508916
502770
863981
743599
304727
948514
970356
189698
575337
832667
211089
835489
816921
588904
227187
386102
705950
687133
348687
853074
87402
725
554450
618553
124041
910496
142408
826132
231651
403169
689266
924194
339816
28797
356674
875448
909782
563860
414567
432067
571071
649388
294776
623271
938782
143528
470591
982216
869148
369473
861159
600384
512940
712062
788456
901712
456237
634734
592970
772800
500778
778891
493295
490249
262564
493944
214492
758271
105598
864035
160541
556085
412085
840495
372106
308795
699024
373297
940617
290328
890407
42189
931172
85938
822195
930684
8390
826709
113096
644666
876932
135476
341737
960753
422721
372811
761908
943306
90594
596022
939176
974114
941001
496376
281712
41812
349585
58533
163770
385922
94259
950379
370653
337927
986751
742355
180520
243195
91196
829981
572595
752423
934420
192033
999120
125902
29033
591852
94667
763705
892903
667695
63745
89717
423688
217200
914735
532449
337804
342441
612866
722280
371795
439891
964225
356441
97383
653795
56305
645022
107817
621292
883281
356462
751733
876400
332117
316332
773633
751214
741976
94672
384409
245562
876356
479548
150727
784783
111336
724104
171255
310129
803131
760579
815481
232493
433154
666471
986389
158743
652434
299578
648448
893373
4047
91101
72114
22339
661648
222538
442487
542016
67491
778355
578581
948360
424194
831780
673356
676338
495500
43917
228913
657567
125671
327781
499438
517265
57049
594570
668343
215401
266023
773972
790902
659299
740358
192515
899653
920430
655765
297365
51085
297751
670722
37188
961171
720603
384848
286367
746236
538347
482119
828549
333050
188283
4154
143253
808495
994772
30891
313553
168971
855051
563651
836245
449779
236218
166223
476570
810300
403508
628002
485698
945116
85628
47453
457325
445895
557859
876344
803579
15885
98627
745961
332225
320185
840866
206849
16740
784289
309720
617102
291398
631530
102296
305815
237229
907986
958772
764576
780231
871446
799614
617328
989863
676228
515156
719546
500609
245586
906686
725112
859423
865101
231361
819431
700710
404742
971814
754809
274870
534257
351675
684821
654589
928078
820205
191677
111123
798684
745149
503182
900513
449649
442664
428583
91701
104081
15828
274387
530033
884922
92356
941938
448633
158020
841851
514601
318250
677741
187843
703746
760937
329236
538411
586301
984006
688741
921905
573817
473326
378436
952055
735437
326816
109086
410519
812775
401264
817333
84163
598106
450156
547090
106684
464851
509155
552075
281787
305796
624752
651747
871738
345002
461678
14408
9521
131060
431066
576021
669665
80812
548212
648225
192329
388875
220409
909717
153890
286445
329480
565211
542206
209329
187279
822269
569386
382770
801135
118955
536037
993660
848485
196622
47448
613548
835374
382848
868446
10918
736670
53697
516226
492873
553613
544970
203766
895162
340508
495359
411403
812385
124
121014
753999
557931
184758
626670
595766
367370
858446
925192
881647
143131
611008
920881
552717
876617
551710
392541
713590
621738
509084
82031
365578
417466
60819
27354
190995
525430
645549
343885
220181
413512
606022
715942
949977
518184
502183
232011
711622
864602
518186
512038
972983
780803
192276
915064
485392
396385
239604
369792
566226
962401
314600
925597
649045
251701
481831
436883
744017
186757
81832
132773
697846
609609
140437
475162
37940
85814
449588
365521
859946
18707
562269
55287
340758
529112
383853
644345
575908
544139
551498
485202
907590
652836
194799
404082
885969
82941
636743
271065
800452
182454
863581
803139
166565
984088
667296
826883
867914
155368
991574
659256
926221
889514
116768
579430
825751
719905
26517
974576
480055
307631
166321
417038
727703
603745
542228
289739
922460
869374
767831
71236
891044
348203
982027
437622
949212
416103
178456
188765
985156
856693
263682
356808
593123
374054
65292
229811
249774
366067
685058
179922
101097
85370
745461
787250
744884
627001
336991
771643
718347
860662
420155
877755
768788
5800
602180
591034
760209
865634
544276
210717
630950
320188
458241
641034
132566
379857
983968
143951
231538
506477
569813
25605
248061
142838
306295
261308
899738
523487
363882
330711
86901
323555
677782
359945
103174
490097
320494
835395
152132
760687
89556
4707
261210
66872
517148
550687
476090
541190
339840
225270
910851
57191
493282
318867
53898
608992
696149
120067
823804
113336
738780
378364
820158
423441
974639
66417
629281
623373
458532
71129
377867
896183
110731
280770
734110
406014
53131
436199
630676
115940
8454
3260
743202
903465
215126
998524
633328
834716
784236
392400
339926
614983
869463
8539
623887
653151
721539
571279
742393
190720
349544
969263
182841
225826
667901
574894
132057
362310
679239
254627
174255
478537
638506
867716
873492
942544
699257
387946
63788
928481
329272
632854
122631
661673
941985
892384
894105
999007
63116
67565
884773
276550
176112
506294
536076
155771
683344
658909
400369
555530
906877
289065
464507
549433
585415
123601
818638
53353
839618
752028
752780
215122
281424
700079
102293
103501
506306
23444
753291
563519
761503
536338
694975
521634
855015
978729
934954
431051
579156
277496
717969
654393
662160
180376
718843
525645
515518
671978
613998
896247
228765
254603
627263
533770
884029
573158
367223
350552
845984
389097
357221
6263
44564
383793
260198
470657
6243
147976
998325
975378
731987
786217
975226
197347
9890
769750
468509
494977
511541
948487
806125
788584
684644
255173
640736
842559
873431
680360
427041
635117
292387
228323
379108
971538
815455
910746
523401
207711
497390
960761
653615
71851
849173
227516
932558
586201
447419
304952
623230
421396
542108
356772
775986
873914
524380
812729
772627
589751
789198
465200
121484
344555
856859
730306
70918
965833
178335
175617
646491
155919
322404
433944
111303
974829
740687
773146
309031
179975
736729
748047
288469
64493
223740
552841
219616
766485
176559
777443
190650
144949
107959
716551
59369
659250
131137
266960
424706
762159
413186
29674
731554
186790
955433
183068
178914
136173
464662
405443
880999
531957
178784
42460
885507
566329
881314
802319
418320
298505
174115
458182
804596
451874
408270
484020
586847
728030
21835
521765
710015
58909
805639
349367
911797
150794
348600
375987
144947
896807
526067
173484
217169
468169
824858
940863
922047
53949
409431
688922
983987
422568
651518
697017
214706
816242
379832
284180
3057
828625
397351
605873
313818
568268
991485
920733
940996
934553
223089
937003
95306
80662
338605
703490
254583
171634
199111
369092
588667
928413
860539
625913
837210
832095
967851
90707
392538
19183
806369
5376
595606
324525
824433
565139
655445
572406
730612
659295
950642
191278
192467
453428
727293
439567
901768
523306
559645
503439
641823
582463
302407
760241
417243
788285
153327
380152
696913
728897
769809
507523
791406
344902
412812
852771
485099
10681
533412
872485
298083
687633
728429
641734
220531
247419
118891
960379
960970
469905
261617
2125
39184
622865
929970
229435
211157
615495
63412
258235
924520
670058
803679
63717
756169
466185
996524
987454
687320
227634
554685
320125
984734
234790
583716
569252
577900
680541
850983
435346
742094
787577
838307
593167
57883
369810
973607
865500
208058
348451
69654
689128
50495
285596
743182
536483
786190
70640
789936
908239
915705
552639
528706
715173
505005
872983
463343
529490
639081
995683
495467
52133
751805
109835
25225
188024
281220
149552
80344
758048
692663
583379
403298
202876
769759
368040
704139
956869
467741
947362
964103
748363
549614
730725
177954
288784
493726
426511
960625
76733
81583
780265
1205
12589
606805
611633
889661
18898
694137
471084
545527
604053
19678
834864
905291
705682
828450
942775
483372
207955
897449
921732
244552
521060
125627
100242
518471
180274
970994
270489
743033
108091
241675
998584
553831
556477
816945
543773
404608
513346
584956
538063
930119
330129
43249
163654
670440
88927
109601
814221
83261
271363
231453
395468
493941
251193
680501
215537
816681
326143
155909
832986
511171
542172
728838
202345
82335
476657
723943
856523
850994
972299
821830
793794
651868
330249
125262
225431
542173
741646
980105
600256
53205
181222
501797
722989
592162
163362
447496
133164
111588
789330
748355
844988
94060
877320
858757
592325
105922
954332
297269
162157
622825
438569
817963
307181
580186
743003
942507
706737
340110
238913
944279
708286
705773
259018
37879
941585
253785
975205
778572
635645
940748
927680
453634
429432
279860
702771
270003
797445
575011
21983
688447
452765
607228
417675
788975
155964
23119
412206
844857
131628
43860
682174
933110
88504
97555
916951
286174
982438
212270
311757
485663
575812
312838
505813
866099
820922
27748
145297
534556
950744
526641
75423
285262
472763
596988
646319
288808
412999
99326
348692
811956
810649
731285
263090
661415
744826
69496
86277
649788
180367
400798
809509
549497
964073
606964
647556
541482
626994
217410
399391
136931
278334
362400
529579
362975
185306
258483
405412
111354
662684
467818
470240
298882
378181
32301
480648
992180
195374
990319
381263
821521
658930
567857
452768
778750
894709
648333
344421
195038
508461
101963
374368
95688
82202
76618
143860
370458
61611
23488
556641
82021
158608
857659
112951
435694
916780
406499
258234
620243
643405
471927
310613
258880
395589
818945
824548
723276
423395
77387
510017
227552
508698
170819
327795
646925
779702
710529
955862
861397
458367
836636
148126
122168
659702
964852
406074
405059
677809
180016
311002
706030
635261
762137
360865
518461
320388
593625
672037
422388
657581
200051
943576
898862
374117
769237
23561
168617
650730
915995
88049
657647
626599
915788
503561
775515
565286
134039
448226
714842
288171
11758
706181
402173
911097
146699
899962
586767
99106
423584
263649
65592
234743
399965
121660
242329
615437
827544
295053
928005
157298
914949
877073
632085
427880
143024
747203
501628
60648
571584
777793
541265
805478
721037
506681
867227
337601
971936
50293
508238
48516
951326
847919
348876
58419
763283
539553
59365
928490
681682
789635
999235
361582
544759
613373
871691
85735
377323
476970
354243
532419
670206
715464
66619
712663
349688
915187
665875
86377
18454
106323
442190
801756
570161
761186
891355
714546
69293
907452
898414
554443
98680
757227
717689
373895
301565
34887
179479
377340
839571
888592
857670
83894
136499
485674
691978
382118
844255
239719
751454
674790
516178
379014
708667
922744
705862
566483
399319
993588
904081
963288
533190
886732
894911
226879
851412
197553
804275
78091
466958
533339
704941
851298
434619
505117
406456
348693
938566
906896
605297
854796
493678
951104
491943
595423
489662
409885
395273
369224
629349
593164
309643
571282
983968
413253
388410
2443
347436
255463
238941
702899
203117
127077
135021
627157
509658
703806
572727
128425
996699
458484
165132
656741
897924
886315
143932
711629
727528
135423
166036
151698
895537
742597
127275
304308
799708
614616
499384
229142
130689
235110
474932
344407
292860
465946
91685
552368
16803
453803
236568
187306
655152
539857
565088
98976
555593
394805
580202
987877
845478
295327
515770
268207
380967
8236
657414
391751
884657
605957
340887
302039
601767
595331
125322
416402
295229
357536
982280
915923
621105
764685
650478
274130
490653
690574
726982
911641
994771
972208
825128
551970
728573
747685
709463
92884
882897
385890
792413
216823
269373
614362
400567
93349
455091
532331
710395
630725
538581
841840
507518
661911
855932
647219
663942
471686
427025
895784
175280
212411
554985
244280
623873
748817
276955
545679
486878
295852
983974
245570
487636
418698
43692
537955
548742
19716
995761
926344
922081
258237
830206
446072
374813
962760
499085
789999
731825
706258
361578
342416
72623
29449
563973
767765
507117
700142
38792
786094
477468
861652
788954
85195
829652
724076
452628
4456
911273
586902
223873
427825
377254
576741
383675
882208
680633
137918
444030
141514
655491
200213
984767
632074
548550
261523
264705
729092
253596
425939
381189
193396
444303
815022
317496
367451
94917
168665
993979
407633
325384
255966
912656
811818
781863
945017
7501
437072
432959
856430
458071
617454
248011
556776
144526
901153
129868
889824
976569
388982
985255
42069
601685
825341
475908
464768
776417
692944
997077
55542
899713
634228
457502
214415
670487
588233
819201
453115
158988
187813
619905
203117
103408
837313
291402
309517
382945
590631
74887
660416
139235
259753
224775
998646
33090
572875
234306
36434
755104
901433
718645
126944
56887
144788
917102
795850
610050
633791
449454
455185
142157
878650
987577
535156
104102
685827
23442
481669
919548
718728
629816
225163
220786
231241
853546
46259
726309
131974
255426
680049
588180
286468
17253
95413
577316
494703
354630
405358
987440
105717
935420
21508
51727
657411
164574
317428
818740
211576
662656
165695
355281
531700
302961
568877
234348
574518
911516
434482
97201
173437
125014
2874
367599
549589
854277
705193
867252
136918
190720
164052
407227
66793
456576
89104
823036
532376
286509
205043
397360
27279
61526
841215
654038
627747
313182
766328
38922
189871
349396
918840
492075
691202
361960
290110
211400
94268
406600
340443
325118
254983
932120
387671
793980
653028
348440
632374
498951
683238
315601
298554
257262
899067
501091
516799
881943
659334
809646
640999
212162
506429
135918
452990
297578
445496
50975
725785
506804
416684
134336
931124
465194
69944
528689
240820
270566
449815
530112
361193
795662
917982
454797
532892
725337
334494
25277
883449
447712
590802
841262
820273
975318
46049
223371
313341
83588
100005
399689
985915
786648
219672
989171
579023
997453
366253
897923
196880
864596
660668
557917
943995
757739
206613
387641
942963
95467
766400
46464
708401
409361
930174
799731
656300
570033
199703
598773
787298
283375
291329
115129
781487
373213
779481
84013
202543
868529
771887
645504
171028
274281
678058
174162
9501
179552
940311
667255
911986
615769
254953
747224
827560
684298
67447
648364
43149
511578
114654
37580
329706
406394
848697
650200
989781
688994
56371
351105
317150
407829
500319
416977
818519
560676
228673
424822
36444
663890
29604
798497
12650
306056
397550
644600
237066
674089
750922
322442
795546
66125
117196
940153
271937
249003
461605
232619
139160
309344
45349
562386
466557
123664
358670
473659
950173
994955
357355
814373
540540
839403
964374
897260
623057
860083
213937
166420
388020
309145
14877
461546
176054
247287
928625
572819
62112
994915
992907
200278
922137
816753
362808
567871
983685
186075
406118
608420
353400
621703
762211
40345
768118
235112
481844
443360
998677
249657
221402
370160
656503
131830
251067
972072
439702
943731
865439
190308
1810
308566
556812
717313
428565
338903
732961
181249
939120
682068
735502
128986
255837
600378
553488
20186
60235
599040
874491
145128
543721
885037
119399
825802
894962
361545
130677
769684
487696
189332
558847
526207
172191
274358
377128
317440
234368
202000
237516
841933
18600
213104
91286
961879
307453
492488
66843
805759
203988
491433
148202
775087
612543
68642
884827
503677
728320
980612
918219
456673
272864
979045
163022
516332
871531
854217
463458
155800
609483
755563
343556
503166
381295
66589
127213
431934
465376
769162
181459
547490
70677
289598
908629
566251
54941
606903
99732
456076
380943
383274
228173
891793
438456
15173
479084
341858
729548
116143
575036
673936
434043
397620
740566
508014
156334
330200
820936
549640
967310
178061
894345
533247
761422
137561
697852
765080
864831
678712
645225
825339
80576
205388
132198
132126
669010
229120
626352
526027
465579
57035
117849
171447
416063
856753
24215
261478
102387
643318
339355
159655
166088
78670
73486
202965
293025
865283
141728
432273
434740
506462
497629
472451
949950
549338
654772
938281
947490
54414
785516
982614
931909
957052
978885
678928
891708
637274
845202
73575
857637
350935
21903
913486
66524
639609
669247
54411
210687
492316
111790
136867
531269
155258
427856
581194
460439
647649
135278
517331
329652
794521
647996
54125
264052
413063
114575
569186
218298
688551
7878
94178
743591
929227
564191
85741
449069
404632
428568
402534
385269
460542
126671
268873
276556
814355
640356
261172
72009
331537
568593
684160
822736
919815
938255
898698
645918
319201
640200
307175
200888
336240
192909
362522
609137
992025
292605
959032
750112
477282
66654
223587
87014
60248
882473
516665
688538
468637
930025
898556
874165
500361
341782
798526
584563
388731
379624
241621
698886
398038
209747
361304
903725
989295
696601
851150
338491
623484
906217
256301
146432
133215
910251
817018
421027
696353
167556
201340
10273
784573
712810
881985
888571
557856
63795
253578
22283
471583
193391
784878
450477
858355
922861
253733
699934
786942
456060
349345
181835
195079
457426
412968
57469
235479
584615
816967
492941
786212
760538
294345
446782
847648
910374
689012
871267
195256
254432
298874
436404
414370
452831
932765
920976
520109
687989
781860
866239
733529
308148
35714
626621
206938
794735
895816
236613
937708
329122
762938
826504
440197
585526
430327
485271
653037
74533
673903
493452
51164
78400
421716
650943
71734
714332
234548
633587
304727
449034
860670
659047
363104
662414
857502
789416
898385
32831
287543
842707
234526
308402
423505
321639
447290
131845
989461
54221
754605
426338
840999
853050
297403
778737
923524
638160
409965
377167
309158
630834
700542
251494
95993
699446
174953
985537
971471
341836
672753
621787
111757
251576
769138
770053
407609
760981
637981
853659
235736
259600
817255
890309
517967
733300
406690
543718
709533
872769
796928
364055
543939
698320
782900
85308
710094
884072
284782
268612
694152
296992
84848
340983
134481
646438
166845
872225
105331
192804
608651
300051
718882
439536
374977
550949
116641
982373
491193
732666
719211
385611
588349
619603
71788
148409
145171
877766
604004
768193
975931
137949
726682
47251
726288
218965
130243
730847
301087
164129
432512
259463
799790
247369
92785
287144
303654
288503
778358
340810
699879
642887
423331
618891
509608
103896
828643
744375
697568
363865
520946
584828
153023
600525
837567
434256
744394
389612
602225
687692
132111
850731
667172
833412
157388
1920
447706
731821
708942
939968
492951
254362
234935
732567
992693
579605
389800
798640
466033
944398
889071
538248
359545
205470
250726
648576
150135
570837
110597
488228
234350
192294
551837
579839
680367
409774
473686
374892
559428
226052
685066
891126
718657
346727
110309
226233
315490
844747
480826
479846
122984
960889
24146
867453
640515
200525
909828
51018
453095
567625
980191
255960
83608
392275
225517
951165
344203
642703
541766
474868
672541
700866
397657
210302
545237
232121
671894
392493
890157
490552
421445
626112
161176
26551
142445
864525
560219
384065
894438
421913
908204
809586
853406
169072
193161
961109
712416
821265
672357
673781
727298
410985
933091
704673
119192
419122
577930
247634
850656
815614
561418
185990
50699
938161
818732
139250
180940
661535
772265
206277
113526
106512
990741
99159
799345
441702
855741
274755
392994
507379
146044
740478
439810
644013
753135
723389
740687
351016
144735
622772
111755
950084
711979
466700
689475
698622
913504
443675
421191
121173
609876
449790
909018
417094
782672
523306
773924
266837
812579
612937
559227
478787
341454
18783
160692
263556
290473
329650
344883
421268
49820
321368
361384
223208
742368
491510
600940
652365
103950
776918
316229
752482
546850
768639
76260
107289
861503
691663
263138
22095
940822
850221
929232
733203
30901
789412
293369
790938
348242
284532
725057
552882
819264
540758
904822
794171
536439
598183
637381
983562
664022
981796
89979
734627
582723
950350
230070
404407
514856
479210
333348
18976
932395
265568
423922
620656
118868
688382
82616
364374
93393
557316
13266
916160
835885
308650
806736
428551
449823
810258
235930
5081
171848
881202
651754
893018
730948
228109
828536
577556
647692
580029
28423
650959
730157
908204
150257
160007
449478
617166
514984
911095
271518
759513
15650
348875
812572
541866
11753
764261
510881
811218
825444
452150
145213
632282
22067
463442
738139
567196
192203
369966
16008
536725
281669
680329
404715
873599
447917
73732
782103
734404
74776
382128
397871
727147
3466
205202
727497
184678
350302
421048
580733
430712
936501
424132
976030
205977
535018
333095
462091
56162
389791
37219
94336
503545
714999
887122
586748
323115
905915
740073
101633
310194
254904
214967
97998
77522
526023
94993
231582
851718
268764
12147
975355
357974
881097
457597
496416
644185
534333
262901
45818
30386
959042
87506
895978
654122
640134
961190
678551
160961
553024
451893
759306
458001
63558
535933
639866
225197
121578
684040
638475
123857
576540
997163
519380
187208
70384
19951
570366
611014
76485
116142
916287
115679
954050
544204
509799
585683
652374
817997
477988
828569
12543
163742
545724
350356
893343
672219
674525
29753
328621
330015
478216
484405
667607
290840
890370
336357
564067
631006
238236
444398
897880
672868
974293
116529
331481
667197
485351
459503
954287
558110
44452
535836
395693
303531
527093
786594
29854
811597
612911
604278
964302
511730
220018
410533
162666
220753
398594
921225
421228
251829
394040
200080
529663
277659
889192
929216
1282
230173
306686
756903
456494
280422
221015
966847
322624
359593
516622
996844
82005
254697
184763
947270
301152
425961
434874
245981
900423
967991
179353
157626
157901
489813
487290
641039
33598
90597
180282
765183
255533
19732
448529
571431
17671
494911
620562
29271
549049
685791
425572
816713
11217
750033
97085
551233
329810
36804
217534
814658
886400
511736
392302
688550
380611
618940
71121
633144
208756
743813
670200
627084
533992
819279
354146
936670
3733
516553
221712
68639
607491
984809
223464
569004
893759
783704
574593
857888
250938
398830
544540
617469
647289
116335
360261
632373
699772
622402
283394
700200
189126
930605
131716
202606
111206
14114
582729
121150
251089
133050
272456
793038
885217
43871
970329
725145
942797
174698
907599
283877
214683
562719
401838
758494
170155
794103
951694
304804
521030
956328
105824
451000
363334
587471
136765
111617
547074
597656
61218
876904
479907
630830
23962
133256
54896
434875
349698
722735
736341
864336
374060
801501
30809
773035
201643
361563
715598
245083
431232
92
487055
511739
453887
135822
581315
439185
638797
559360
452381
872185
670422
950245
951503
379109
412616
460284
401257
116357
61241
947835
37335
636302
87762
615344
24061
461577
940116
434673
90530
524538
499067
331189
811537
51314
996250
196237
987492
106275
834267
362852
456520
539279
967889
797802
375243
915765
549906
443073
536007
317017
954477
741852
336264
161260
702952
614189
231557
738153
614356
404185
211231
620577
569369
210349
19184
860772
633908
287004
64316
222953
993297
400984
536373
23233
893069
690014
265720
587259
88751
403524
13483
440197
211271
1994
782043
477053
499408
667687
91025
660210
63803
6735
808773
150378
476825
210665
113406
610681
340662
797763
317009
407489
689126
523284
76208
322598
585046
867518
970621
382430
12125
172266
704186
476277
892763
467370
836434
498774
450624
923739
568534
194552
972519
167738
533501
158875
292123
740075
983887
866490
346505
718320
616098
332545
264225
831298
538060
558476
948506
858824
237873
677234
333233
14487
620341
549363
30930
976652
182970
323306
660731
535122
179794
371731
29433
963356
170597
907793
876526
310977
694689
255817
54423
579666
411383
632503
38201
871228
606553
432316
630508
975019
663127
314283
997213
522215
49530
699476
556602
449451
528001
745852
959598
350281
132001
617145
118505
982161
608517
532989
463007
919064
934423
633080
799292
604453
140727
337764
590140
316659
272433
365059
92040
534236
889485
859911
506754
444395
973245
921430
494920
552302
490932
864786
93198
487616
839932
582676
318199
881506
397600
745046
634282
171585
795836
609778
319543
678603
173318
418345
572018
856750
124679
899505
814974
968577
916292
50966
761277
803298
793292
489372
614749
152246
286542
297605
392416
384583
986512
985919
390382
645673
132110
548970
289069
969112
796314
678844
925002
736571
854915
639848
16049
466874
349207
177273
942905
501982
792000
40636
360560
445346
280964
408034
238064
94217
194883
867977
600537
13928
398124
946249
663603
790765
231274
657624
994275
670479
864783
986129
55028
591450
42499
704980
997262
343058
899781
20565
929774
854480
945443
945103
775311
432782
77001
610695
389420
661771
737299
705085
895057
394855
557427
416725
442160
845077
2305
900739
36285
143920
124307
134487
465808
648184
606465
273210
897189
477379
122457
664093
583164
649632
952048
47799
867412
369281
589723
896426
209103
248805
150613
401078
742853
234870
314075
837663
757951
453842
684840
933083
847413
920121
30711
450422
217887
376251
269638
277083
633822
509475
919836
249493
356467
49392
594169
143139
989946
584744
733117
289113
682376
641257
384299
556219
391524
247329
675706
659929
712754
688942
64153
830935
923514
614729
865521
283166
868313
390240
865213
34372
63128
329228
339369
957901
910095
276766
246708
180991
71787
3229
126133
784554
497544
574828
998000
548889
910756
329541
166165
390553
152312
142336
574249
438986
402266
333966
883575
615285
598165
48617
786548
476724
493171
628651
283935
547088
860000
784213
88848
851039
923544
488708
402203
907950
707431
916020
39605
986977
51074
529135
189554
882493
515411
194014
257069
489263
413063
600710
619222
509891
35259
853652
206188
838030
404932
676511
505780
135904
715322
63658
72476
150320
129981
131270
448122
925014
255114
459283
434409
716179
399194
319090
574823
47413
420275
88411
822147
906370
987472
981358
592505
474766
804874
485001
983151
353391
731398
581965
411413
861871
87594
183988
210554
371701
60532
522433
62436
381224
763144
96646
298464
980758
13776
526724
583973
806742
542757
557996
994392
55308
776301
938016
49668
551224
455959
180643
359232
543469
718407
181901
385624
37769
47108
674155
137746
930385
134109
295088
779
509949
682406
387690
147539
465042
168573
444380
631573
16920
814094
296030
477008
381749
72067
435441
732653
444653
890420
153529
881025
847685
218002
32518
139793
559176
177934
654888
154340
154703
791024
202543
463234
496446
598999
318440
454527
999703
87275
796599
127499
123845
456035
969291
7985
909431
614182
19487
671918
959402
906923
579653
285480
681645
47875
207104
776369
630883
567706
745043
554615
390674
969259
321069
539336
696223
599345
950979
588205
466006
571001
998193
518553
598822
278308
786879
323348
974703
751629
540765
501452
644384
817848
921474
766988
135619
258242
111749
206307
418425
743949
994263
476733
903824
359465
653905
154777
847497
576875
618323
610955
903518
52988
479259
310676
936923
417424
162688
880748
811267
264267
241144
760669
727157
862141
776424
812426
314838
647705
978081
48433
763423
265613
273145
280137
381980
960834
6787
373686
665605
478236
377456
546787
603501
907925
289291
646665
403113
256260
581645
387129
656582
519578
589997
196569
608554
477689
215283
436284
22968
41794
617264
128955
433769
914184
91170
611026
893341
241611
942140
187929
893764
81509
958913
985457
525988
759532
535584
544152
908410
693206
476144
57732
460833
715781
777201
906502
217865
954966
984725
554071
994989
413508
970902
383940
852766
24724
997302
606323
448211
129709
602205
265272
546023
59564
883846
891005
840280
131411
27993
81241
380458
535895
230353
130700
598587
802840
702207
253683
678304
623931
695163
379142
420690
90865
685218
661232
512749
183626
177948
459823
296058
316154
175310
483963
926627
913706
658830
910507
695148
881805
358831
280334
326427
98784
217926
641748
576302
149486
358504
402605
587936
159698
743139
225450
402990
91102
703297
639314
720269
236406
648847
351674
613759
120629
690401
772512
880053
300226
167557
311287
396907
3365
686421
351533
133603
376603
213721
103566
989545
638392
450514
83004
162721
116891
437807
700243
802832
287161
213907
745132
278623
331407
345082
784854
499884
641544
5335
483106
365520
993177
283411
199779
643569
401151
721764
138323
633477
668711
645262
479451
629645
108710
303726
901962
153618
256054
597506
120912
109986
339108
958223
203546
347370
676896
363114
390593
544307
90754
135320
815943
561782
589235
396323
960943
219716
709366
175776
764957
867903
112828
565881
940105
578203
717178
768405
694827
375835
355881
405772
437680
623765
11049
421418
86699
178800
57667
815126
167300
516936
454227
887008
753389
289152
734442
176237
883205
87787
204591
120691
985755
718971
640049
530644
497102
319884
918729
993482
383011
442720
884785
605459
724229
801279
222465
560195
717287
95587
618392
990132
339360
377660
649047
909809
500779
178474
830325
679944
262653
51924
911135
750872
817232
679403
489835
846973
22918
448109
274191
559093
435989
266927
128411
854624
217641
704070
347780
727615
589985
783779
802911
893990
323229
134854
879
497427
356098
876523
81709
318131
129501
472913
735410
376564
774728
207410
947778
480316
899868
514600
976858
488668
950608
456441
14417
819677
641962
118893
32859
830949
469410
297716
192130
146997
766803
836905
462057
734483
506835
740548
706435
354833
318950
929460
936138
488036
282094
312653
937835
628105
144558
875878
238618
22841
905285
986287
434234
413263
538497
526923
615264
701539
246521
316736
890646
726246
555139
782960
305575
244727
95730
952705
94381
436228
479396
203707
789051
244190
931627
663934
308017
987160
519481
650577
654737
841072
378169
116347
302799
826455
806266
171983
508604
142419
781907
380077
85138
852291
287359
993724
17401
50825
509689
374321
224324
774264
742170
336502
490593
500068
109588
291147
671931
28717
762432
645788
718500
369408
909900
941747
298107
836511
742752
831128
49864
395790
278365
520817
757615
414628
780175
287172
991052
335685
519325
517207
638650
333732
58320
110001
594930
834673
830276
490107
176075
102945
303289
623877
746989
583994
935380
808961
977221
15223
46747
174319
914829
253942
516235
263005
423988
816122
101828
75722
38221
437130
155371
742626
816785
537378
817758
964057
599332
602026
305711
333827
901067
623064
647981
667040
827360
264851
747954
996025
604573
697586
545797
365845
196815
328810
918717
610745
213470
376157
750272
194320
945156
428294
958640
672958
4874
785732
820485
663952
915352
773363
166204
1462
318251
68374
335072
50244
889347
304333
346367
553072
332808
957444
212187
723510
633549
816386
497350
218061
621878
391131
697140
476047
163820
181702
14378
39425
847120
327872
557599
936197
719693
482203
66293
967937
197142
885304
29685
617544
230297
949220
410992
937689
502830
200331
470585
912403
579635
518087
900657
980079
224299
697572
198107
366329
129346
473696
796821
961677
658761
725970
232508
507126
26722
443866
345640
678517
640236
323727
617301
453764
869944
115526
266503
193845
736969
998715
88502
198553
211598
538975
118823
748885
622649
565817
410566
442093
269767
173146
943247
277874
649505
252787
252803
900580
704982
580843
473664
614900
49329
943519
780666
641559
670189
126821
77351
526712
908669
984670
768244
952653
87068
408991
174606
674024
587191
436663
213029
216960
313789
37041
382285
552140
374206
484362
724194
917760
926305
874817
473549
531774
916018
15764
625259
923036
970166
182173
602472
128975
278623
625682
942476
578021
822100
183316
383329
693602
527883
83731
872569
269573
507592
983305
614367
871995
172287
132173
155153
617238
703062
684537
551924
151684
351454
667011
783853
170555
581095
267983
349756
678445
364871
114698
877834
856580
770272
990139
409534
167373
155419
323201
298068
176942
297861
652080
718465
408205
397006
669146
426756
15634
862558
548462
417541
854383
328432
678678
990075
347889
603400
700768
741194
235398
7514
530191
169912
980736
415261
983922
298651
774307
509906
792549
680962
532389
853734
122860
883675
357590
609315
820989
561076
176272
164804
294724
560115
668196
57122
320215
132987
285370
514158
205540
746763
989959
940129
500831
914920
65049
898693
711185
142193
573400
727845
17995
493294
723683
127405
909807
310221
139368
279358
26970
522442
834375
558589
817505
383815
792434
876256
455729
747225
409717
77192
175653
870157
997791
822597
63553
892682
895561
791812
323486
574314
222940
13972
28566
740794
80236
70004
839931
127541
581225
342426
394266
218587
965369
723181
831501
571606
160666
492505
919667
985564
646857
483702
440013
979849
404732
550596
339428
85789
471404
13060
469815
785325
110290
638414
717814
73714
937605
259069
410390
262235
710863
649332
927152
594960
316577
495399
16570
333896
845603
697364
647049
915812
570868
232594
830475
664096
256762
24100
50698
183372
721173
754750
93730
329507
69847
203729
136208
848810
31427
792708
566754
8520
673611
345770
701852
343658
472798
522474
26798
203026
153372
437792
680055
816202
209749
384580
19346
482771
413500
34778
692452
762306
931823
804470
945139
306701
567664
418738
351619
155644
148122
699533
816522
282823
483769
822424
77065
356087
655478
950705
406574
178178
195313
762376
911892
485154
826148
752758
814000
577312
21999
832418
640842
157147
182162
144568
617239
76033
920567
385736
819579
179501
312469
872860
605702
430821
142806
141808
765561
672900
302675
627692
127503
468501
598200
216583
475588
90846
322672
452026
2188
109088
159404
913833
201750
959737
208443
787151
236189
166521
570653
639605
167696
520766
239163
407051
469048
173004
115294
247066
318232
142818
370269
546569
276289
72508
795831
192501
451648
893335
515316
118670
287154
456482
625907
13036
571626
676513
619922
729160
299137
985362
597410
108023
316780
327354
566909
474323
690041
887244
542061
401300
804359
954202
932276
902798
346065
277362
696815
685070
725715
987035
593028
278763
123879
53913
449085
177158
847971
488172
524121
843516
256491
798326
206702
172580
57756
201200
851562
847257
514786
493714
155750
588680
789839
747970
823275
322499
681449
455102
698514
592170
664349
615305
63334
932774
384992
266841
504162
353789
826499
247494
496089
277175
836139
985282
811131
838611
681035
235481
975298
262159
596633
250780
454335
922957
635407
281096
885976
346448
693797
789707
906219
518718
482935
641417
188050
303677
393093
966644
138212
274483
966473
756082
789055
282624
890906
444650
917068
388708
833697
146415
927440
286268
923413
997319
922339
975300
560594
764796
286923
997688
999481
354022
208791
466846
346420
880565
477922
223001
599233
740122
504300
613300
715968
375658
48637
579247
303110
697577
107052
812955
554054
925846
344159
637929
853505
786128
957954
18194
143966
436352
420337
295893
792743
67587
21884
177985
446255
61430
473059
232318
771034
728202
362336
478808
488308
182758
298767
674273
732870
321335
845895
134984
889857
715404
146720
511830
993924
900246
636089
609721
260327
797836
867261
757132
7401
945347
990272
191368
68630
761002
890551
986349
217117
244051
429678
306537
299130
346277
819473
343287
593862
910135
767313
209747
254348
847430
498808
746008
984401
178415
978174
781590
900903
794780
771273
460158
352399
261416
689672
847871
752826
200154
982522
899484
817824
340093
803292
129795
715593
438665
626895
825688
482936
125286
541696
346039
783490
563549
473864
625640
8637
48358
811386
308215
229472
869612
870582
304460
191904
536622
838870
900647
420338
330284
24891
927647
379875
774475
633501
20115
599926
43548
899935
998355
547181
672696
590112
722460
685648
861279
588580
211174
785850
281466
725133
14889
957950
858673
944690
863837
123955
103731
411656
844310
738803
948112
265020
430921
199219
560158
885039
792862
300217
756862
578059
747615
481905
770363
328914
461903
709848
580960
253477
616968
180630
936005
323765
695685
738733
257444
78804
181663
573303
882055
547827
710598
805540
52305
255678
704815
558416
342728
860490
864690
791237
218084
944486
110197
422018
745062
262515
728797
672381
466860
738542
121401
808354
264937
541555
335775
424574
411075
324789
849454
697856
71130
970413
988695
618905
642268
885304
286680
293001
441417
514547
380182
513058
282537
82379
522050
766113
117423
135580
44043
293285
658361
419809
569274
638908
173618
400064
304625
237286
517142
376757
491245
834550
615039
497962
673257
206673
88754
195853
379096
789557
462403
362879
461037
112182
191248
641642
897455
611713
697235
196042
883
674896
579425
531565
340118
923168
594763
660401
897734
425471
665609
232970
440103
648056
658906
963535
167160
243078
761039
951689
119652
989026
36221
773673
420100
918752
59609
148267
812311
400202
555151
527384
239164
908772
340770
916004
761650
473934
267984
661003
524823
546813
837663
61765
992003
992924
368296
808677
32206
746763
417997
774284
128116
771642
530115
855229
796132
374230
802169
391097
915171
816345
629960
145782
633299
456971
578675
17533
975342
419578
354861
317331
430790
623741
237679
355742
502336
100288
935340
633541
452432
482436
477893
157627
978064
650682
711827
891990
953215
16742
38487
12887
427590
341341
801579
593388
336853
930638
804616
974486
547770
378353
438044
374384
185719
323610
512632
583540
72893
43697
782176
560749
474226
824792
323803
574880
474265
817364
196586
591262
105660
250839
162934
9518
874535
734777
116844
122945
288755
138170
664200
482300
873647
857248
997219
140420
671652
278515
919587
589693
299662
939445
38673
589596
956881
626173
78044
39973
666639
528109
809709
902078
430643
582532
9872
16563
937675
17155
79676
692625
55796
39265
146764
292485
240272
12555
739916
284648
983006
179742
352781
903432
600776
800196
945256
402154
83961
40133
939916
641865
349901
637391
296929
198246
507494
29233
656688
228194
663055
994246
866447
183762
456494
740665
715120
385529
317137
192113
526619
282828
29624
243441
128259
595276
837389
740842
396583
17677
420501
444815
733654
414593
617866
303437
601324
31996
472452
770772
354772
497634
818192
359805
815400
695106
485270
881199
174883
613246
214436
435900
696400
335793
146825
849866
967518
588476
238324
700717
424640
405057
461091
798178
664654
663349
802341
661602
754845
448087
74161
129054
652613
295910
520942
720794
640999
573337
449113
932276
232148
464857
328776
418201
648147
434602
164041
219442
390887
929328
181603
639262
690300
778420
434215
623460
988840
236426
143814
440567
429071
286057
796224
593943
751534
282541
931375
476571
579708
572585
875165
194305
947673
285089
487558
903589
234858
784802
746989
577513
39784
348086
379002
659140
421631
386446
365309
852125
877576
422162
157016
355048
792595
174902
702416
997954
526738
340109
408434
257555
705162
542868
383660
904018
71796
191858
284777
804751
539968
206579
193071
761164
175255
970997
830462
848343
560381
972130
510713
671545
825219
567665
619809
79566
355795
177149
280125
475898
762386
807539
357636
241041
39047
743529
707123
553216
412477
390578
952417
272013
399863
633970
145295
466341
203071
787160
632452
110825
216182
285012
326878
9179
868734
962737
423527
22401
339630
589499
754154
496017
323083
302025
979956
204994
660071
400713
59899
882299
218877
455472
53577
453944
491661
214706
225852
108340
698441
236499
872644
292021
401817
36972
875720
199452
88120
919184
499741
374892
795385
349074
246480
226753
85619
811071
918699
930906
741261
207993
906433
661677
131473
137455
495663
135835
642751
119206
209640
453262
145902
1444
729563
661054
527248
281443
874162
873991
306037
751221
143194
250604
549619
598258
438336
994101
959130
458234
711477
966709
771685
707668
210851
565247
651295
911604
89043
979561
308725
780586
179895
966743
992370
326672
238518
593520
730365
281462
32426
378738
185244
372346
381066
621716
914217
827566
745934
768971
394154
482724
902492
519492
391646
673698
718449
322137
514422
251803
884756
451689
301107
435213
961788
274620
708366
884875
934753
925817
679886
288210
113041
557673
501231
441817
186096
747387
582388
260179
573340
709591
844385
958915
579165
27634
75688
390843
405325
31792
381294
569496
527716
712237
898101
881035
714783
370202
611787
247838
554554
59793
189123
836061
680647
644844
378007
399623
615569
131026
826020
262217
327929
196924
575936
704068
97926
550354
71615
459702
477577
795969
641826
2306
787956
877040
463838
516095
971123
190677
306617
273646
422662
351284
981065
107518
31153
754126
695852
738095
794362
805964
440940
559870
181148
766995
341759
388080
202210
115252
754526
736987
668042
147807
988
786666
583499
82963
870847
150492
69826
344913
143504
339759
834008
968002
142434
692769
90137
511483
502037
132919
624022
295880
364410
891552
332215
290248
593866
337815
104523
793064
933450
914034
85377
645485
248972
63405
625901
861936
42717
121762
640796
314484
500487
853135
307526
328908
232394
588774
835854
209453
454879
896210
875697
474515
861615
260178
587260
49138
705216
977005
341771
706948
773615
643461
91182
859838
177669
797305
526713
410982
598334
959421
188977
109997
777969
641615
564861
907694
962058
521679
449927
165735
577150
443314
621882
805481
329042
357802
25961
327057
255316
224681
918037
855877
516390
781890
94027
132798
265258
186036
121085
630567
302007
793360
825980
398101
938591
820352
537306
58159
86309
934224
503891
519076
913195
92804
658704
652025
878370
803098
789204
60237
282027
705605
248262
61405
214898
695433
225689
895150
520280
70560
108807
587521
291471
676364
431634
749048
836794
616343
228803
181184
306120
290230
509618
681090
724230
316632
532348
485616
4565
184008
284201
572961
111747
257926
338829
412065
745102
47182
242696
763371
506815
622675
306258
314494
788900
271778
901912
207391
583113
952620
812557
805527
893223
949076
434631
430088
431329
915105
541434
11864
280469
740586
591921
759438
162283
329839
315159
418277
636524
171652
527791
588533
95155
879862
554386
980252
726950
269792
973894
333292
127723
814255
935656
979993
55051
740692
302200
13263
894531
537395
139827
449047
893686
701320
456053
999671
816898
277730
161880
622807
901808
557558
841786
226807
714915
556435
693316
505616
813367
113035
5630
625730
160395
992213
941562
484522
724345
930141
922998
34565
913195
61550
641728
522676
357742
761263
508883
586460
615272
582670
509732
777721
322607
332448
693043
156676
589386
7224
535985
961342
92447
316345
11622
467906
574299
588102
881750
347051
67874
496532
585595
434830
582762
634023
588227
722978
9701
462926
780785
168237
288537
941029
703586
837921
561500
914606
366948
816981
671317
32796
944104
11708
667364
40107
502935
421653
839375
947249
954291
295124
322791
202161
50903
116290
687507
991487
715335
998129
614662
884028
977936
219323
874125
451881
955396
117218
117461
390037
420323
898038
889335
320970
607175
181682
908820
258449
465207
76942
153021
129007
997024
621220
155498
312655
883305
411967
576434
89188
415154
562273
424717
920339
207684
598286
48922
757483
8636
660560
662169
505380
607672
487267
696405
814978
565486
897970
696496
930367
114643
330736
652544
521772
131708
580625
800323
562654
153710
999162
265533
683343
554912
429163
999156
810920
272582
385447
619367
895122
436712
415505
107864
482604
60609
962097
833272
632512
613354
741463
195882
179685
707859
906508
708427
961464
452004
452976
173060
740858
806092
695043
382155
720050
462161
250908
584007
98453
422150
877619
143613
398760
865396
250889
305372
552825
734449
627076
973680
737646
108144
712381
778922
203169
321537
543101
292319
361889
172372
180454
966432
954680
630940
3645
832379
121133
273341
846477
744786
257366
307831
720938
925379
392821
673857
123662
459858
22773
529177
234810
310613
894273
760089
874072
116646
325890
368834
780177
406836
144230
500296
702630
947295
533397
175739
578723
539412
442915
306288
693248
993805
921785
504606
913210
778172
523223
906059
802346
862366
192941
501484
199532
846592
775621
431369
102237
570625
780645
832796
860240
213161
233698
901801
660693
193249
68778
292324
748414
104296
300290
517136
8948
398576
897868
652072
949091
294637
860131
23778
393602
953624
738008
741336
750227
927926
524361
658047
242867
867212
845656
537049
671371
782274
792281
868053
620755
342645
99181
102710
277496
827872
582595
268351
903521
808179
590799
748626
373326
224795
537581
557963
22977
868418
451635
460297
981116
339187
41802
558960
788323
498097
496579
386111
525799
220456
438346
79294
314736
436441
268518
368063
9901
416929
961478
294235
500749
288220
771424
28897
121507
111759
108502
280488
945748
35952
112369
691563
974971
228786
600028
120117
707296
684229
199762
281764
777329
3901
174409
352164
936779
553204
471213
518493
204455
510336
750971
10963
543385
978672
718983
975588
275989
602981
482180
359601
554417
846611
244006
470551
983482
841014
386776
372495
988091
169582
795322
748634
790574
445399
639314
516762
236017
846155
302808
621582
832213
454965
401366
508946
485857
851406
461490
144628
747509
16755
165561
25568
988962
642519
951364
113774
435450
896899
43092
804899
829243
927822
247655
797223
758777
330503
611990
783531
67491
837029
655859
931420
120964
591577
68930
463216
716034
217720
489735
907691
160061
40605
703813
589977
203720
722249
961402
266079
32126
629437
990889
396296
784936
455478
898531
385379
852761
227878
889790
722897
401086
80999
893071
702905
490420
184000
890598
883275
148015
236543
943843
204295
810281
655928
13949
367116
609846
520477
52515
528559
902450
487369
583527
219649
308750
914123
688797
591000
103214
148917
525361
37815
425814
656428
168537
788290
213174
862980
796880
638219
261551
818308
213468
694512
253493
637797
756447
436817
365959
572763
32190
477467
725774
468575
164800
192979
39439
584085
485038
567973
485603
934107
351509
129048
626519
374251
99230
141587
533334
168292
221782
811254
285322
845126
159828
179696
947873
183134
307452
147147
907898
610000
297603
413096
655613
501824
996267
115144
250803
662852
536241
866575
145518
704808
969562
855403
560205
66293
101068
610031
683974
492025
609462
512033
239057
176755
112614
661810
854839
818388
352739
903116
700984
246746
910501
616277
76762
333443
835561
340404
584253
579287
162699
620782
45972
389053
244476
127798
975029
825948
226511
325700
449015
694218
797823
714041
243675
296711
133352
196456
401181
44169
58317
693941
20714
679611
375985
934008
682125
739648
995832
555210
601561
789586
652421
420789
997185
411792
327645
834378
174417
262318
773563
973950
163677
647612
445353
825613
402827
266812
446908
131065
264176
206138
423089
934077
384848
675641
134996
929954
800985
6550
849660
469928
415150
620044
185787
656496
395498
74025
642119
281558
173697
931191
293427
538462
610945
967407
845716
306272
227182
8689
880501
839737
442786
170624
536138
327350
682606
605873
894412
702758
64432
906285
279058
750390
546191
265065
238140
212448
867583
995966
58428
609771
111055
227209
918887
653872
134644
722808
454561
99247
413637
237613
330577
251142
22547
325617
958317
209405
980128
771358
795098
650829
405406
846185
929052
727689
189673
956004
642168
301577
353631
654012
778460
469227
1573
67468
611126
782592
543209
487399
518095
417382
737675
564435
957666
710256
120004
830478
916797
162944
858277
565992
621283
893066
37449
239770
728897
726576
857966
350406
645801
869996
450840
339331
992893
309351
979366
661715
525251
570049
114768
512329
525252
44698
939943
67763
539195
176109
492370
415709
789858
32454
589799
675298
424187
840043
155915
51427
973815
842090
976325
174963
631950
676491
914227
159480
375650
690774
173147
672231
595911
547838
40565
19712
776090
142572
188099
909286
709286
368851
198928
411644
956125
558556
75824
563306
794482
163954
814886
229493
606061
508887
966871
403047
505348
173347
55172
400278
21344
527043
671872
949933
31543
212465
419441
222463
877438
767851
18813
513746
808331
434826
633482
888605
716355
442560
929081
748763
441550
517205
45199
154362
418312
775494
392667
391505
146920
763459
494342
539649
580715
245571
969781
382505
543487
999078
296556
161083
761490
513911
689900
412608
505395
423821
228152
343775
222687
624264
268771
658908
854433
862369
570744
748243
515852
755610
177441
188166
934247
438937
849592
975850
299379
801010
695094
349665
336526
52850
222865
426471
569374
37903
694156
120173
208401
266090
660127
44744
806044
14933
743972
516979
970148
32245
803401
370141
81271
35482
863308
389332
985139
583833
978571
916241
155880
944647
665604
933693
157417
246084
892612
668349
627061
752753
337159
693698
808631
214029
899557
123834
911948
195476
312954
749699
759939
13765
204779
419852
522273
312489
596172
262792
883218
496338
782406
98796
520340
670974
378728
134718
861667
173226
481289
587879
772100
199641
115340
719744
749021
446236
767145
511447
311374
378524
166690
934861
546332
47394
501889
312164
125186
527006
903165
530436
247746
693738
113651
649278
132981
226356
165751
607663
866509
685455
577063
850781
602119
235375
30308
516135
657099
907911
616643
144463
220256
759470
654612
525840
811382
270255
646510
707676
695313
268976
245679
583193
954231
875423
994208
953707
58840
549856
630097
756612
196139
547105
723351
56517
91499
690099
318057
819445
13525
120222
296539
266717
34597
699616
158527
270958
80629
961063
213738
407189
89935
460294
825368
321813
925058
89454
732060
77387
384980
36840
21371
399728
302481
157111
137019
559867
476834
326815
67657
302107
928033
264541
653475
300709
504385
645971
722944
951181
115995
449815
480047
831879
562078
982811
495483
118654
630463
420808
385682
342419
466786
733575
558155
861359
473295
538837
309230
138899
655244
990659
29812
645495
663510
300037
518831
333683
784772
808309
864664
798009
418324
412987
834771
866336
299627
133901
84880
437314
171763
378756
565790
779945
507776
43019
51451
884409
426848
466462
405207
15742
587919
582150
432723
748030
369709
563030
991132
788168
219753
192039
973744
196792
351779
649695
305541
132740
518616
355232
224254
11968
869105
388258
636531
434560
739581
858551
388390
424350
850519
162736
95380
946274
234480
8018
918040
877709
684229
602447
321864
561919
126332
566688
380015
632939
712849
795221
991913
558116
780304
460136
897610
755074
777338
508830
856269
696920
176493
808187
886843
846708
39209
632501
362275
991849
921169
620497
380968
996699
570502
667031
910842
555984
710601
106408
549233
230915
505161
368467
567099
524570
322745
318542
6243
279746
433872
585696
726783
121751
739831
631325
863098
891547
588299
630029
927484
468133
659901
126502
20928
502049
970683
486169
596522
527353
471557
729464
315716
394082
58870
714809
570190
185397
350590
652977
452011
272036
653652
456073
166652
862317
533764
392840
428548
457081
233529
640977
141971
80920
291814
136305
939444
84445
989995
8411
304417
187895
59814
357852
903962
713785
543231
416977
522836
118906
466874
790792
305501
53970
639981
637116
20806
205390
987967
217733
888437
208025
480706
216367
644829
170995
714193
363915
164802
447833
552271
839147
919054
710011
450348
425995
979463
431209
783865
150521
870093
627731
630693
306617
238973
988736
6302
233347
590637
476300
819462
649402
915126
161528
425230
506700
44576
899799
872669
656155
138068
448801
470649
681497
145771
691073
660121
371925
568164
299444
79034
31445
825188
665620
64658
552999
882797
788782
610574
532197
727517
441692
145129
702297
7770
997780
353304
179787
706137
906234
170402
19582
577487
146855
663763
743325
581584
248792
400360
314164
979819
246323
303011
751689
117277
730972
955558
553729
401624
140994
49587
666651
889139
697222
211274
986416
351058
191466
468070
104539
756006
138225
994969
125487
744142
390351
428719
467165
693423
283013
322324
206405
20190
4543
845047
955825
584665
916956
160943
558356
309870
726333
575781
704122
19636
573396
330610
556902
900908
880415
532518
281829
144927
434260
184779
533772
968061
545565
584456
46920
984319
376686
665460
884703
25200
462641
303669
318496
874672
23141
304544
552233
348296
363391
611368
718384
18135
138520
517026
223554
778324
597478
601922
256451
29014
683278
518879
765396
718949
642540
322932
935787
742990
620134
230523
787604
634953
65619
149880
991541
968127
312168
254794
856235
372572
590166
439676
822040
329396
962215
142726
108464
599101
153622
227970
19187
471054
449432
126791
738439
847826
37301
650256
350003
820986
85565
437201
867480
66032
622704
359383
47917
750194
120396
651705
199162
60416
259487
429486
925175
468461
753898
676358
294253
928020
402212
605345
439250
580477
928769
490059
650554
954818
956635
767812
370587
81132
411767
651054
356273
92315
717552
396750
391941
404828
322968
39824
496082
365484
344782
773111
865218
811496
990347
524039
221595
758776
323403
536956
295682
688938
368583
681371
501934
918880
756653
751264
4978
832569
102660
759775
297194
258
461278
425065
675921
478495
40997
131264
522704
477473
194917
852178
159914
181203
616303
363629
870315
253365
162085
306601
941645
374760
211209
886690
674669
611468
722191
939411
109936
723499
265069
757823
175380
856203
637209
910199
603213
867952
467874
82906
720310
26140
880694
146115
775012
638547
908959
208119
664392
936063
538769
601995
999166
819704
984618
726287
291251
134191
430011
660628
507038
790881
170886
433776
393525
837566
810360
136672
265022
947084
543434
719674
761015
869408
504258
881957
66063
64751
941619
882428
944801
308842
896485
7253
255437
707449
455014
60093
923891
222096
167367
906856
400278
384401
491070
918133
659469
435987
614969
352274
88864
515539
954004
837756
961435
5802
117827
405119
430216
705500
203885
783407
508334
49312
415557
640368
158050
420291
73503
339490
169830
479844
155745
283916
383070
33219
900708
675405
438238
935497
407906
596233
626874
927868
89629
241909
693481
711767
771738
787328
356238
557940
697190
952447
553232
449891
815556
192784
705913
150962
76597
999572
107620
516379
733758
897888
381598
707949
262532
229452
451704
386723
234448
334912
875874
632575
80992
295388
14495
422736
161777
983953
782933
899683
288190
671877
221797
747840
540155
60699
993512
894290
995180
360176
936758
406331
689857
737494
311108
236109
306819
285692
85061
57409
46440
513800
330783
749947
37052
614404
145217
325373
526860
865357
454025
597815
422588
390512
242236
452722
614850
527798
222328
818709
202077
283228
192206
72244
183942
965737
516771
424342
51536
398023
831691
409692
161208
741269
19118
630480
125612
705844
275379
69323
808770
459875
488127
298577
270892
966769
931599
950916
159889
157457
961087
352037
123752
355790
821343
24723
128723
179762
593328
739927
383310
879033
996115
204975
341100
539856
860897
600213
728121
420293
422634
928262
918154
634537
791432
759250
468413
668563
107855
929425
88225
968532
75070
199395
84941
438948
914314
736012
152450
246450
111765
616613
817448
1659
992949
980193
522935
938148
85689
111152
504746
373141
185496
398900
700026
959162
753334
939745
772413
893179
193036
421555
769604
917754
869655
862264
460437
623802
166414
177456
294647
15905
873339
428232
927348
361067
406226
915631
999994
418420
943570
363121
932616
827612
126680
613952
265248
257283
960576
445785
353372
257524
574808
355809
618149
855488
31812
443381
370172
264861
302435
60019
412659
816079
294355
811399
890449
692946
469838
296724
505603
697569
998040
354941
122966
627886
40074
344518
481024
647635
511001
640921
391270
184310
501976
212247
162093
796942
46271
973814
750919
54606
696190
694422
234403
126633
268447
640351
298419
102159
187937
45057
736299
647016
859801
956237
935971
6525
308216
633754
109916
115368
535114
396118
999322
422786
597555
699584
721623
66637
365965
74966
621391
304975
493626
604461
299703
337775
26845
488933
168227
616187
331870
194499
886219
714151
754534
972995
889424
435007
825896
509977
340197
692344
406004
939599
398593
49395
730131
523142
269016
347069
144651
232934
952221
426544
821738
9590
893555
772536
466605
802355
980898
351310
843568
799240
255974
445686
817052
320268
293589
579648
220363
791540
415469
961182
593647
596535
825962
641186
434922
254652
276882
742512
67677
213770
721316
109258
572241
43672
684270
976297
780643
587697
211088
559245
589466
847952
393375
71878
513478
932432
118005
64058
492643
13843
909457
546747
523251
734810
176375
45659
972569
77366
885141
242558
405122
820979
669463
982258
975960
459660
835599
448224
996357
928595
507117
390828
520360
80968
304115
631719
5515
858440
399987
119792
994128
944236
876820
362178
350473
135156
931658
936753
540073
533254
248132
549550
811359
784323
572840
892314
490400
649377
162915
767477
676434
920797
855670
434208
459024
235666
664324
124076
282894
245353
927045
172289
853952
191043
230358
565543
957426
303803
904470
836517
240533
746348
168914
944659
799744
740423
560541
672981
308582
891723
370818
561274
185024
309856
458370
246109
828834
290347
30219
693755
766997
768331
910134
268923
860329
688117
11804
211808
386570
903284
720454
456791
444451
255191
792181
57400
254216
364562
715274
311159
931316
680818
505323
741627
287223
61393
421900
181213
480125
342304
907698
951749
514288
329955
914328
124270
668156
658740
269764
587201
727157
903165
270835
399257
874413
892932
235456
902106
260942
409558
330559
729852
230585
906181
418412
732519
975114
622752
958672
175442
16453
4902
726149
672641
379672
199378
19558
840041
23110
685757
671302
354616
113892
589907
108916
333711
853338
510634
807806
169077
267797
862931
572328
228526
206719
367831
180825
565207
808030
952282
338535
677146
680221
69113
829471
787923
9396
707558
585277
444299
235029
927501
809268
792958
314621
617353
941660
716124
718037
820975
618568
464847
608352
670347
959168
651762
712042
669370
527568
368083
243053
346372
672188
57389
781812
325577
744266
746842
241708
517058
523602
39306
138789
542301
892676
131830
844631
318360
925492
258627
65218
570523
150523
138970
457903
725774
53440
610108
313573
873456
611417
896162
433391
206385
852657
449347
716800
473540
347868